 
PLAYER RUN STARTS
X Coordinates, Z Coordinates, Time (Seconds)
-565.1745,3.16548,1.333371
-548.5676,2.511336,4.221374
-536.5336,5.392829,8.456755
-518.5621,15.41776,14.41417
-503.661,26.87348,21.97092
-498.2152,40.24583,30.7895
-498.3359,51.6111,40.55029
-497.9664,63.03313,51.2668
-500.1227,72.13612,62.90311
-504.4091,78.93996,75.42757
-504.3519,89.33744,88.86236
-504.3631,100.327,103.2136
-504.2309,111.3984,118.4883
-501.0672,114.8437,134.7934
-501.0672,114.8437,152.4188
-501.0672,114.8437,171.0262
-501.0672,114.8437,190.5446
-501.0672,114.8437,210.9529
-501.0672,114.8437,232.3604
-501.8102,110.6215,254.683
-495.6859,96.13826,278.3073
-485.3813,80.92243,303.4829
-471.9891,65.89969,330.3396
-458.6581,50.94577,358.864
-446.098,36.85645,388.965
-433.6759,22.922,420.618
-421.0871,8.800611,453.846
-402.8709,1.623378,488.7658
-379.5309,0.4883438,525.6396
-356.7679,-0.6186342,564.417
-337.3334,5.36665,604.9371
-318.1175,12.61462,647.157
-300.1497,22.05766,691.1219
-287.2384,33.77146,736.5355
-278.4338,47.26845,783.3018
-272.0404,61.43857,831.3649
-263.8923,77.20576,880.9063
-251.2463,88.68607,931.8757
 
PLAYER RUN STARTS
X Coordinates, Z Coordinates, Time (Seconds)
-566.4,-0.07,1.498567
-566.4,-0.07,3.994189
-566.4,-0.07,7.417268
-566.4,-0.07,11.77159
-566.4,-0.07,17.11189
-566.4,-0.07,23.48663
-566.4,-0.07,30.91117
-566.4,-0.07,39.37278
-559.1627,-2.090797,49.55909
-539.0832,-6.866594,61.49336
-517.6516,-9.075387,75.21655
-496.499,-11.2554,90.71033
-474.6937,-13.35083,108.0342
-452.8497,-16.16923,127.1948
-432.9385,-15.52177,148.2166
-419.686,-16.14294,170.8007
-396.4713,-21.30533,195.3761
-375.2419,-23.8308,221.7593
-353.9648,-25.06534,249.9142
-334.1647,-19.50595,279.8047
-318.1536,-10.31488,311.2293
-302.7197,-0.1730494,344.1908
-294.6511,15.71707,378.6643
-286.8619,30.78487,414.5585
-278.3136,44.80054,451.7926
-268.9555,58.59856,490.4666
-258.577,72.63246,530.5731
-248.1905,86.67712,572.1337
-238.4585,99.69592,615.2471
PLAYER RUN ENDS
 
 
PLAYER RUN STARTS
X Coordinates, Z Coordinates, Time (Seconds)
-557.5632,-0.8180969,1.644117
-538.0784,-5.124515,4.969989
-518.482,-9.517208,9.970472
-496.0152,-12.51702,16.84978
-474.2569,-14.30851,25.55632
-450.9016,-15.14632,36.20652
-425.4453,-14.55608,48.99543
-401.2994,-13.26441,63.79816
-376.2838,-14.09426,80.67226
-348.8759,-15.81958,99.82689
-326.104,-9.457258,121.0118
-311.3957,1.803333,143.7393
-300.4029,15.18375,167.8967
-289.9045,28.59429,193.4497
-281.0771,41.1604,220.3348
-272.2909,54.03263,248.481
-263.8426,68.24355,278.017
-253.9035,82.41747,308.9996
-242.7182,95.20526,341.3899
 
PLAYER RUN STARTS
X Coordinates, Z Coordinates, Time (Seconds)
-559.882,2.186457,1.679908
-553.8506,13.6678,4.545911
-535.3956,16.77691,9.045902
-510.7932,16.18358,15.63278
-483.8814,7.772596,24.56346
-453.7462,4.496212,36.29519
-442.7106,8.281268,49.92588
-428.7079,5.863062,65.29633
-404.7573,-4.873297,84.37524
PLAYER RUN ENDS
 
 
PLAYER RUN STARTS
X Coordinates, Z Coordinates, Time (Seconds)
-565.3839,2.289179,1.315182
-547.0195,10.54676,4.392384
-541.9597,13.21829,8.785273
-526.9164,19.50343,14.75809
-506.782,26.81138,22.56696
-484.5978,33.20679,32.31213
-461.0611,33.42207,44.04126
-453.3449,24.03239,57.34601
-463.815,14.67257,71.82281
-469.9058,6.387405,87.17853
-451.8116,1.803915,104.1741
-430.3851,1.445988,123.0555
-411.3547,-5.708138,143.8225
-399.7251,-19.32454,166.1211
-388.5747,-32.27106,190.2172
-381.9735,-43.17868,215.811
-371.0186,-50.2509,243.1497
-366.1515,-53.70211,271.9782
-366.1515,-53.70211,302.0663
-366.1515,-53.70211,333.4896
-366.1515,-53.70211,366.222
-366.1515,-53.70211,400.2953
-366.1515,-53.70211,435.751
-366.1515,-53.70211,472.654
-366.1515,-53.70211,510.9565
-366.1515,-53.70211,550.6079
-366.1515,-53.70211,591.6098
-366.1515,-53.70211,634.0159
-366.1515,-53.70211,677.7316
-366.1515,-53.70211,722.8009
-366.1515,-53.70211,769.0608
-366.1515,-53.70211,816.6396
-366.1515,-53.70211,865.4968
PLAYER RUN ENDS
 
 
PLAYER RUN STARTS
X Coordinates, Z Coordinates, Time (Seconds)
-563.432,7.750294,1.307253
-560.3199,13.88673,3.658659
-545.6669,24.23329,7.570478
-527.1334,27.18639,13.16001
-509.3018,26.01747,20.49972
-487.4845,28.39188,29.70373
-465.112,30.80957,40.85493
-446.479,29.04765,53.84299
-428.472,18.51953,68.5863
-410.6978,10.57026,85.18329
-390.8499,12.21476,103.5472
-369.2552,19.83332,123.8084
-351.3842,29.40133,145.7894
-331.4691,37.29865,169.5441
-309.1252,41.28052,195.2013
-287.0307,42.21809,222.7878
-269.9295,50.56915,251.9432
-260.4608,64.6642,282.5452
-255.8658,81.3203,314.6066
-244.6176,95.275,348.1806
 
PLAYER RUN STARTS
X Coordinates, Z Coordinates, Time (Seconds)
-563.6694,5.566993,2.108824
-535.3536,24.88447,7.109409
-505.4263,39.97595,14.93274
-470.9295,41.76366,25.64767
-437.5545,32.57644,39.24783
-413.7435,22.68783,55.65814
-416.8653,5.112289,74.29277
-418.9361,15.44052,94.922
-427.1957,36.45852,117.4981
-430.261,51.19646,141.6992
 
PLAYER RUN STARTS
X Coordinates, Z Coordinates, Time (Seconds)
-566.4,-0.07,0.937848
-566.4,-0.07,17.76525
-566.3479,0.0672883,34.88683
-565.7454,1.687837,52.29879
-565.3011,3.256038,69.98004
-564.5028,6.229721,87.92189
-563.7261,9.266446,106.1238
-562.963,12.31268,124.5893
-562.3028,15.28123,143.3072
-561.6432,18.33642,162.2841
-559.3849,21.16668,181.5808
-555.5199,23.21494,201.2442
-553.4819,25.91599,221.2063
-552.6678,28.89683,241.4259
-550.9763,31.99058,261.9397
-550.4698,33.89988,282.7257
-550.4699,33.90017,303.7837
-550.4699,33.90017,325.1044
-550.4699,33.90017,346.6792
-550.4699,33.90017,368.5582
-550.4699,33.90017,390.7231
-550.4699,33.90017,413.2065
-550.4699,33.90017,435.9564
-550.4699,33.90017,458.9732
-550.4699,33.90017,482.3452
-550.4699,33.90017,505.9813
-550.4699,33.90017,529.8773
-550.4699,33.90017,554.0295
-550.4699,33.90017,578.4556
-550.4699,33.90017,603.1375
-550.4699,33.90017,628.0851
-550.4699,33.90017,653.2943
-550.2944,34.36234,678.7731
-549.8376,35.86541,704.5154
-549.6121,37.42287,730.5202
-549.2888,38.98186,756.7897
-548.7992,41.05909,783.3218
-548.0775,44.108,810.1146
-547.1776,47.5229,837.2026
-545.9087,50.71157,864.5767
-544.6762,53.78234,892.2266
-543.4274,56.80399,920.1486
-541.8197,59.86175,948.3578
-539.4135,62.65996,976.8775
-537.3453,65.55965,1005.694
-535.3653,68.49475,1034.804
-533.4206,71.4017,1064.207
-531.6625,74.41459,1093.9
-530.0815,77.37794,1123.872
-528.5432,80.31306,1154.121
-527.0295,83.20913,1184.643
-525.4515,86.23631,1215.448
-523.9293,89.16179,1246.528
-521.8413,92.92524,1277.964
-519.7069,96.06268,1309.723
-517.5372,99.2542,1341.8
-515.4176,102.3362,1374.19
-513.4606,105.1648,1406.865
-511.4507,108.0688,1439.835
-510.6138,109.2761,1473.092
-510.6138,109.2761,1506.627
-509.1827,111.3363,1540.448
-506.9459,114.434,1574.585
-507.2329,114.8576,1609.038
-507.9545,113.8855,1643.784
-508.8647,112.7453,1678.828
-507.2612,114.4631,1714.174
-505.9507,113.4638,1749.874
-502.5593,111.0283,1785.954
-500.2891,109.8086,1822.396
-496.4241,107.5628,1859.218
-492.5461,105.1125,1896.424
-488.8756,102.6557,1933.997
-485.4234,100.2039,1971.923
-481.9382,97.7216,2010.205
-478.4193,95.16295,2048.851
-474.9885,92.59779,2087.853
-471.5914,89.90533,2127.217
-468.6804,87.1517,2166.937
-465.7597,85.49987,2207.029
-462.2199,84.8067,2247.5
-458.7018,83.94766,2288.356
-455.1834,82.99722,2329.589
-451.7269,81.97017,2371.212
-448.2667,80.38494,2413.234
-444.2017,79.41767,2455.645
-440.3017,78.36082,2498.44
-436.8727,77.28759,2541.611
-433.7742,77.81346,2585.128
-430.7684,78.44965,2628.962
-426.8661,78.18671,2673.165
-422.4403,77.86503,2717.739
-418.1397,77.11114,2762.677
-413.9525,76.36645,2807.968
-409.6885,75.627,2853.622
-405.4525,75.0291,2899.631
-401.183,74.30335,2946.002
-396.8881,73.39846,2992.739
-392.3431,72.4061,3039.862
-388.0014,71.36727,3087.358
-383.764,70.40869,3135.218
-379.6382,69.28161,3183.432
-375.4482,68.13649,3232.002
-371.227,67.12816,3280.946
-367.043,66.14216,3330.242
-362.839,65.10968,3379.899
-358.6632,64.06194,3429.916
-354.4835,63.01854,3480.292
-350.259,61.97929,3531.029
-346.0698,61.10962,3582.124
-341.8158,60.39317,3633.578
-337.5183,59.29623,3685.401
-333.2939,57.65895,3737.603
-329.2226,56.0811,3790.17
-325.2766,54.52987,3843.089
-321.4116,52.70799,3896.365
-317.2522,51.59882,3950.003
-312.873,51.95211,4004.01
-308.7945,52.93871,4058.366
-304.517,53.08836,4113.083
-300.0903,53.04322,4168.166
-295.8394,52.45053,4223.608
-292.4643,50.1045,4279.402
-290.1181,46.86849,4335.53
-288.6607,43.39162,4391.975
-285.8776,40.61756,4448.761
-281.255,40.73864,4505.938
-277.6006,42.71551,4563.461
-274.5704,44.96519,4621.305
-272.7449,48.01003,4679.443
-271.2375,51.34516,4737.887
-269.7681,54.603,4796.63
-268.3295,57.94015,4855.674
-266.9843,61.2044,4915.012
-265.6375,64.48098,4974.645
-264.244,67.7752,5034.575
-262.6829,71.06677,5094.812
-261.1089,74.10548,5155.334
-259.503,77.20525,5216.145
 
PLAYER RUN STARTS
X Coordinates, Z Coordinates, Time (Seconds)
-566.4,-0.07,0.6748231
-566.4,-0.07,1.634735
-566.4,-0.07,2.903919
-566.4,-0.07,4.478756
-566.4,-0.07,6.341049
-566.4,-0.07,8.498799
-566.4,-0.07,10.97165
-566.4,-0.07,13.81417
-566.4,-0.07,16.9491
-566.4,-0.07,20.38553
-566.4,-0.07,24.08645
-566.4,-0.07,28.06798
-566.4,-0.07,32.36174
-566.4,-0.07,36.93015
-566.4,-0.07,41.7702
-566.4,-0.07,46.90985
-566.4,-0.07,52.32563
-566.4,-0.07,58.01665
-566.4,-0.07,64.22457
-566.4,-0.07,70.70514
-566.4,-0.07,77.48917
-566.4,-0.07,84.58614
-566.4,-0.07,91.95632
-566.4,-0.07,99.59142
-566.4,-0.07,107.5058
-566.3102,0.1664055,115.7135
-565.3006,2.826879,124.1985
-563.4927,5.085357,132.9732
-561.4151,6.999446,142.0468
-559.273,8.973054,151.4273
-557.2103,10.87371,161.1031
-554.9686,12.93856,171.0997
-552.7521,14.98095,181.415
-550.6702,16.89836,192.0275
-548.4203,18.97026,202.9634
-546.8742,20.39397,214.2197
-545.8522,21.33556,225.7685
-543.8801,23.15211,237.6388
-541.7703,25.09585,249.8113
-539.7324,26.9731,262.2759
-537.7347,28.81284,275.0261
-535.6337,30.85434,288.0863
-534.4502,33.15131,301.42
-531.597,32.62865,315.1163
-529.9694,29.3911,329.2011
-527.3568,26.61911,343.6889
-524.0444,24.56715,358.5883
-520.4435,23.03345,373.8909
-515.9425,22.89212,389.5678
-511.1713,22.51788,405.644
-506.4457,21.43776,422.1248
-501.6867,19.94783,439.0194
-497.1552,18.41685,456.3179
-493.0723,16.8916,473.9766
-488.8111,15.28764,492.0143
-484.6246,13.57303,510.429
-480.4985,11.83853,529.2177
-476.2466,10.04384,548.39
-472.1697,8.323001,567.9326
-467.9855,6.556871,587.8506
-463.6943,4.745645,608.1591
-459.5484,2.995687,628.8431
-455.2315,1.17361,649.9149
-450.9543,-0.631797,671.3755
-446.4434,-2.5359,693.2443
-443.5135,-3.772628,715.4968
-443.5132,-3.772721,738.043
-443.5132,-3.772721,760.89
-443.5132,-3.772721,784.0394
-443.5132,-3.772721,807.4846
-443.5132,-3.772721,831.2337
-443.5132,-3.772721,855.3122
-443.5132,-3.772721,879.6938
-443.5132,-3.772721,904.3541
-443.5132,-3.772721,929.3094
-443.5132,-3.772721,954.5629
-443.5132,-3.772721,980.0937
-443.5132,-3.772721,1005.91
-443.5132,-3.772721,1032.035
-443.5132,-3.772721,1058.501
-443.5132,-3.772721,1085.307
-443.5132,-3.772721,1112.448
-443.5132,-3.772721,1139.901
-443.5132,-3.772721,1167.641
-443.5132,-3.772721,1195.68
-443.5132,-3.772721,1224.016
-443.5132,-3.772721,1252.661
-443.5132,-3.772721,1281.607
-443.5132,-3.772721,1310.965
-443.5132,-3.772721,1340.6
-443.5132,-3.772721,1370.521
-443.5132,-3.772721,1400.736
-443.5132,-3.772721,1431.294
-443.5132,-3.772721,1462.143
-443.5132,-3.772721,1493.292
-443.5132,-3.772721,1525.063
-443.5132,-3.772721,1557.183
-443.5132,-3.772721,1589.607
-443.5132,-3.772721,1622.324
-443.5132,-3.772721,1655.396
-443.5132,-3.772721,1688.809
-443.5132,-3.772721,1722.535
-443.5132,-3.772721,1756.586
-443.5132,-3.772721,1790.983
-443.5132,-3.772721,1825.678
-443.5132,-3.772721,1860.688
-443.5132,-3.772721,1896.027
-443.5132,-3.772721,1931.702
-443.5132,-3.772721,1967.722
-443.5132,-3.772721,2004.108
-443.5132,-3.772721,2040.803
-443.5132,-3.772721,2077.823
-443.5132,-3.772721,2115.219
-443.5132,-3.772721,2153
-443.5132,-3.772721,2191.099
-443.5132,-3.772721,2229.513
-443.5132,-3.772721,2268.212
-443.5132,-3.772721,2307.225
-443.5132,-3.772721,2346.55
-443.5132,-3.772721,2386.222
-443.5132,-3.772721,2426.25
-443.5132,-3.772721,2466.657
-443.5132,-3.772721,2507.361
-443.5132,-3.772721,2548.399
-443.5132,-3.772721,2589.769
-443.5132,-3.772721,2631.487
-443.5132,-3.772721,2673.524
-443.5132,-3.772721,2715.866
-443.5132,-3.772721,2758.494
-443.5132,-3.772721,2801.507
-443.5132,-3.772721,2844.838
-443.5132,-3.772721,2888.489
-443.5132,-3.772721,2932.447
-443.5132,-3.772721,2976.754
-443.0992,-3.321263,3021.38
-441.5284,-5.136799,3066.369
-437.0199,-6.454914,3111.766
-432.3793,-5.690002,3157.562
-428.442,-3.300697,3203.744
-424.7088,-0.8197941,3250.297
-420.8506,1.939042,3297.246
-417.1222,4.469403,3344.57
-413.5323,6.873879,3392.256
-409.8207,9.372395,3440.313
-406.2804,11.84321,3488.731
-402.6991,14.34302,3537.512
-399.0919,16.8609,3586.659
-395.6125,19.29425,3636.161
-392.0562,21.78579,3686.024
-388.3927,24.35251,3736.26
-386.0483,26.77764,3786.873
-386.0483,26.78178,3837.882
-386.0483,26.78178,3889.266
-386.0483,26.78178,3941.018
-386.7438,25.14451,3993.066
-387.8909,22.66518,4045.366
-388.8966,19.76486,4097.983
-385.9124,16.78067,4150.992
-382.6059,17.39754,4204.38
-381.9153,20.88597,4258.066
-380.8968,23.63666,4312.043
-380.639,24.16697,4366.282
-380.6392,24.16665,4420.761
-380.7809,23.87855,4475.47
-381.3832,22.58987,4530.413
-381.9614,21.3514,4585.602
-381.5015,22.33835,4641.082
-380.9861,23.44351,4696.854
-379.8707,25.83166,4752.915
-378.7919,28.21915,4809.27
-378.575,30.89688,4865.935
-381.0521,31.63872,4922.869
-382.6267,32.15549,4980.038
-384.6937,31.15255,5037.467
-385.6765,28.35362,5095.144
-386.7413,26.13815,5153.112
-386.7704,26.11709,5211.453
-386.7704,26.11709,5270.106
-386.7704,26.11709,5329.063
-386.7704,26.11709,5388.315
PLAYER RUN ENDS
 
 
PLAYER RUN STARTS
X Coordinates, Z Coordinates, Time (Seconds)
-566.4,-0.07,0.6952682
-566.4,-0.07,1.711113
-566.4,-0.07,3.038582
-566.4,-0.07,4.683066
-566.4,-0.07,6.650832
-566.4,-0.07,8.939617
-566.4,-0.07,11.54058
-566.4,-0.07,14.45045
-566.4,-0.07,17.66638
-566.4,-0.07,21.19937
-566.4,-0.07,25.02719
-566.4,-0.07,29.14436
-566.4,-0.07,33.74128
-566.4,-0.07,38.65002
-566.4,-0.07,43.85601
-566.4,-0.07,49.36819
-566.4,-0.07,55.17256
-566.4,-0.07,61.26577
-566.4,-0.07,67.75677
-566.4,-0.07,74.71398
-566.4,-0.07,82.11393
-566.4,-0.07,89.89932
-566.4,-0.07,98.05346
-566.4,-0.07,106.61
-566.4,-0.07,115.5331
-566.4,-0.07,124.8238
-566.4,-0.07,134.4863
-566.4,-0.07,144.4768
-566.4,-0.07,154.8008
-566.4,-0.07,165.4774
-566.4,-0.07,176.526
-566.4,-0.07,187.9932
-566.4,-0.07,199.8544
-566.4,-0.07,212.1094
-566.4,-0.07,224.7903
-566.4,-0.07,237.8715
-566.4,-0.07,251.3809
-566.4,-0.07,265.3309
-566.4,-0.07,279.7184
-566.4,-0.07,294.483
-566.4,-0.07,309.6613
-566.4,-0.07,325.2581
-566.4,-0.07,341.2607
-566.4,-0.07,357.6489
-566.4,-0.07,374.4052
-566.4,-0.07,391.5691
-566.4,-0.07,409.1149
-566.4,-0.07,427.0877
-566.4,-0.07,445.4114
-566.4,-0.07,464.0847
-566.4,-0.07,483.1418
-566.4,-0.07,502.571
-566.4,-0.07,522.3527
-566.4,-0.07,542.4938
-566.4,-0.07,563.0047
-566.4,-0.07,583.8712
-566.4,-0.07,605.0921
-566.4,-0.07,626.6817
-566.4,-0.07,648.624
-566.4,-0.07,670.9274
-566.4,-0.07,693.6058
-566.4,-0.07,716.6924
-566.4,-0.07,740.146
-566.4,-0.07,763.9597
-566.4,-0.07,788.1424
-566.4,-0.07,812.6675
-566.4,-0.07,837.5695
-566.4,-0.07,862.8643
-566.4,-0.07,888.5571
-566.4,-0.07,914.6376
-566.4,-0.07,941.1155
-566.4,-0.07,967.9736
-566.4,-0.07,995.2492
-566.4,-0.07,1022.95
-566.4,-0.07,1051.056
-566.4,-0.07,1079.553
-566.4,-0.07,1108.432
-566.4,-0.07,1137.702
-566.4,-0.07,1167.353
-566.4,-0.07,1197.438
-566.4,-0.07,1227.959
-566.4,-0.07,1258.872
-566.4,-0.07,1290.166
-566.4,-0.07,1321.852
-566.4,-0.07,1353.918
-566.4,-0.07,1386.42
-566.4,-0.07,1419.312
-566.4,-0.07,1452.601
-566.4,-0.07,1486.264
-566.4,-0.07,1520.32
-566.4,-0.07,1554.752
-566.4,-0.07,1589.574
-566.4,-0.07,1624.763
-566.4,-0.07,1660.341
-566.4,-0.07,1696.294
-566.4,-0.07,1732.63
-566.4,-0.07,1769.341
-566.4,-0.07,1806.439
-566.4,-0.07,1843.914
-566.4,-0.07,1881.77
-566.4,-0.07,1920.002
-566.4,-0.07,1958.622
-566.4,-0.07,1997.674
-566.4,-0.07,2037.13
-566.4,-0.07,2076.969
-566.4,-0.07,2117.226
-566.4,-0.07,2157.871
-566.4,-0.07,2198.904
-566.4,-0.07,2240.357
-566.4,-0.07,2282.21
-566.4,-0.07,2324.449
-566.4,-0.07,2367.092
-566.4,-0.07,2410.111
-566.4,-0.07,2453.562
-566.4,-0.07,2497.387
-566.4,-0.07,2541.61
-566.4,-0.07,2586.229
-566.4,-0.07,2631.229
-566.4,-0.07,2676.593
-566.4,-0.07,2722.331
-566.4,-0.07,2768.482
-566.4,-0.07,2815.009
-566.4,-0.07,2861.921
-566.4,-0.07,2909.212
-566.4,-0.07,2956.899
-566.4,-0.07,3005.052
-566.4,-0.07,3053.629
-566.4,-0.07,3102.606
-566.4,-0.07,3151.975
-566.4,-0.07,3201.736
-566.4,-0.07,3251.924
-566.4,-0.07,3302.561
-566.4,-0.07,3353.582
-566.4,-0.07,3405.177
-566.4,-0.07,3457.456
-566.4,-0.07,3510.423
-566.4,-0.07,3564.058
-566.4,-0.07,3618.359
-566.4,-0.07,3673.339
-566.4,-0.07,3728.91
-566.4,-0.07,3784.881
-566.4,-0.07,3841.25
-566.4,-0.07,3898.009
-566.4,-0.07,3955.208
-566.4,-0.07,4012.845
-566.4,-0.07,4070.915
-566.4,-0.07,4129.428
-566.4,-0.07,4188.374
-566.4,-0.07,4247.747
-566.4,-0.07,4307.503
-566.4,-0.07,4367.62
-566.4,-0.07,4428.117
-566.4,-0.07,4489.027
-566.4,-0.07,4550.356
-566.4,-0.07,4612.057
-566.4,-0.07,4674.16
-566.4,-0.07,4736.669
-566.4,-0.07,4799.578
-566.4,-0.07,4862.877
-566.4,-0.07,4926.569
-566.4,-0.07,4990.686
-566.4,-0.07,5055.261
-566.4,-0.07,5120.28
-566.4,-0.07,5185.704
-566.4,-0.07,5251.556
-566.4,-0.07,5317.816
-566.4,-0.07,5384.479
-566.4,-0.07,5451.524
-566.4,-0.07,5518.959
-566.4,-0.07,5586.773
-566.4,-0.07,5654.971
-566.4,-0.07,5723.555
-566.4,-0.07,5792.522
-566.4,-0.07,5861.866
-566.4,-0.07,5931.596
-566.4,-0.07,6001.709
-566.4,-0.07,6072.204
-566.4,-0.07,6143.08
-566.4,-0.07,6214.347
-566.4,-0.07,6285.992
-566.4,-0.07,6358.044
-566.4,-0.07,6430.536
-566.4,-0.07,6503.464
-566.4,-0.07,6576.811
-566.4,-0.07,6650.564
-566.4,-0.07,6724.69
-566.4,-0.07,6799.206
-566.4,-0.07,6874.125
-566.4,-0.07,6949.439
-566.4,-0.07,7025.273
-566.4,-0.07,7101.51
-566.4,-0.07,7178.141
-566.4,-0.07,7255.167
-566.4,-0.07,7332.614
-566.4,-0.07,7410.473
-566.4,-0.07,7488.722
-566.4,-0.07,7567.375
-566.4,-0.07,7646.426
-566.4,-0.07,7725.867
-566.4,-0.07,7805.704
-566.4,-0.07,7885.948
-566.4,-0.07,7966.598
-566.4,-0.07,8047.659
-566.4,-0.07,8129.175
-566.4,-0.07,8211.082
-566.4,-0.07,8293.384
-566.4,-0.07,8376.075
-566.4,-0.07,8459.228
-566.4,-0.07,8542.814
-566.4,-0.07,8626.863
-566.4,-0.07,8711.363
-566.4,-0.07,8796.303
-566.4,-0.07,8881.688
-566.4,-0.07,8967.549
-566.4,-0.07,9053.874
-566.4,-0.07,9140.619
-566.4,-0.07,9227.768
-566.4,-0.07,9315.317
-566.4,-0.07,9403.304
-566.4,-0.07,9491.729
-566.4,-0.07,9580.579
-566.4,-0.07,9669.837
-566.4,-0.07,9759.523
PLAYER RUN ENDS
 
 
PLAYER RUN STARTS
X Coordinates, Z Coordinates, Time (Seconds)
-566.4,-0.07,0.9205672
-566.4,-0.07,2.239689
-566.4,-0.07,3.979191
-566.4,-0.07,6.138144
-566.4,-0.07,8.747084
-566.4,-0.07,11.79361
-566.4,-0.07,15.26453
-566.4,-0.07,19.10981
-566.4,-0.07,23.32437
-566.4,-0.07,27.94405
-566.4,-0.07,32.92995
-566.4,-0.07,38.27901
-566.4,-0.07,43.98116
-566.4,-0.07,50.02793
-566.4,-0.07,56.39656
-566.4,-0.07,63.08857
-566.4,-0.07,70.14002
-566.4,-0.07,77.52917
-566.4,-0.07,85.28009
-566.4,-0.07,93.43159
-566.4,-0.07,101.9897
-566.4,-0.07,110.9414
-566.4,-0.07,120.2686
-566.4,-0.07,129.9827
-566.4,-0.07,140.0969
-566.4,-0.07,150.5922
-566.4,-0.07,161.4412
-566.4,-0.07,172.6382
-566.4,-0.07,184.2016
-566.4,-0.07,196.1208
-566.4,-0.07,208.3774
-566.4,-0.07,220.9705
-566.4,-0.07,233.8972
-566.4,-0.07,247.173
-566.4,-0.07,260.8142
-566.4,-0.07,274.8061
-566.4,-0.07,289.1497
-566.4,-0.07,303.8478
-566.4,-0.07,318.927
-566.4,-0.07,334.3777
-566.4,-0.07,350.1642
-566.4,-0.07,366.2738
-566.4,-0.07,382.712
-566.4,-0.07,399.4685
-566.4,-0.07,416.5447
-566.4,-0.07,433.936
-566.4,-0.07,451.6497
-566.4,-0.07,469.6814
-566.4,-0.07,488.0684
-566.4,-0.07,506.8771
-566.4,-0.07,526.1174
-566.4,-0.07,545.7845
-566.4,-0.07,565.8798
-566.4,-0.07,586.3707
-566.4,-0.07,607.2884
-566.4,-0.07,628.6271
-566.4,-0.07,650.3872
-566.4,-0.07,672.5668
-566.4,-0.07,695.1724
-566.4,-0.07,718.1804
-566.4,-0.07,741.6081
-566.4,-0.07,765.4516
-566.4,-0.07,789.6998
-566.4,-0.07,814.322
-566.4,-0.07,839.3154
-566.4,-0.07,864.6778
-566.4,-0.07,890.4109
-566.4,-0.07,916.5226
-566.4,-0.07,943.0013
-566.4,-0.07,969.8501
-566.4,-0.07,997.0821
-566.4,-0.07,1024.691
-566.4,-0.07,1052.703
-566.4,-0.07,1081.125
-566.4,-0.07,1109.931
-566.4,-0.07,1139.122
-566.4,-0.07,1168.7
-566.4,-0.07,1198.666
-566.4,-0.07,1229.024
-566.4,-0.07,1259.775
-566.4,-0.07,1290.92
-566.4,-0.07,1322.482
-566.4,-0.07,1354.477
-566.4,-0.07,1386.881
-566.4,-0.07,1419.688
-566.4,-0.07,1452.903
-566.4,-0.07,1486.535
PLAYER RUN ENDS
 
 
PLAYER RUN STARTS
X Coordinates, Z Coordinates, Time (Seconds)
-566.4,-0.07,1.006738
-566.4,-0.07,2.47894
-566.4,-0.07,4.435693
-566.4,-0.07,6.862301
-566.4,-0.07,9.752771
-566.4,-0.07,13.12395
-566.4,-0.07,16.97344
-566.4,-0.07,21.28057
-566.4,-0.07,26.06028
-566.4,-0.07,31.31638
-566.4,-0.07,37.05522
-566.4,-0.07,43.28509
-566.4,-0.07,49.98183
-566.4,-0.07,57.11171
-566.4,-0.07,64.71855
-566.4,-0.07,72.81286
-566.4,-0.07,81.35577
-566.4,-0.07,90.33699
-566.4,-0.07,99.7714
-566.4,-0.07,109.6587
-566.4,-0.07,119.9715
-566.4,-0.07,130.7076
-566.4,-0.07,141.884
-566.4,-0.07,153.5229
-566.4,-0.07,165.5908
-566.4,-0.07,178.0855
-566.4,-0.07,191.0201
-566.4,-0.07,204.3751
-566.4,-0.07,218.1601
-566.4,-0.07,232.3479
-566.4,-0.07,246.9718
-566.4,-0.07,262.0386
-566.4,-0.07,277.5354
-566.4,-0.07,293.4385
-566.4,-0.07,309.7625
-566.4,-0.07,326.5268
-566.4,-0.07,343.7125
-566.4,-0.07,361.3167
-566.4,-0.07,379.351
-566.4,-0.07,397.8072
-566.4,-0.07,416.6852
-566.4,-0.07,435.9754
-566.4,-0.07,455.6797
-566.4,-0.07,475.8436
-566.4,-0.07,496.4637
-566.4,-0.07,517.5613
-566.4,-0.07,539.1282
-566.4,-0.07,561.15
-566.4,-0.07,583.6141
-566.4,-0.07,606.5359
-566.4,-0.07,629.9163
-566.4,-0.07,653.7452
-566.4,-0.07,678.0145
-566.4,-0.07,702.7277
-566.4,-0.07,727.8655
-566.4,-0.07,753.4642
-566.4,-0.07,779.5179
-566.4,-0.07,806.0281
-566.4,-0.07,832.9703
-566.4,-0.07,860.3302
-566.4,-0.07,888.1077
-566.4,-0.07,916.3055
-566.4,-0.07,944.9549
-566.4,-0.07,974.0404
-566.4,-0.07,1003.566
PLAYER RUN ENDS
 
 
PLAYER RUN STARTS
X Coordinates, Z Coordinates, Time (Seconds)
-566.4,-0.07,0.9358107
-566.4,-0.07,48.61799
-566.4,-0.07,96.56857
-566.4,-0.07,144.7941
-566.4,-0.07,193.2905
-566.4,-0.07,242.0592
-566.4,-0.07,291.0959
-566.4,-0.07,340.4029
-566.4,-0.07,389.9757
-566.4,-0.07,439.816
-566.4,-0.07,489.9313
-566.4,-0.07,540.3131
-566.4,-0.07,590.9606
-566.4,-0.07,641.8765
-566.4,-0.07,693.0579
-566.4,-0.07,744.5116
-566.4,-0.07,796.2328
-566.4,-0.07,848.2191
-566.4,-0.07,900.4724
-566.4,-0.07,952.9929
-566.4,-0.07,1005.778
-566.4,-0.07,1058.837
-566.4,-0.07,1112.162
-566.4,-0.07,1165.756
-566.4,-0.07,1219.617
-566.4,-0.07,1273.756
-566.4,-0.07,1328.177
-566.4,-0.07,1382.877
-566.4,-0.07,1437.847
-566.4,-0.07,1493.083
-566.4,-0.07,1548.586
-566.4,-0.07,1604.363
-566.4,-0.07,1660.411
-566.4,-0.07,1716.73
-566.4,-0.07,1773.317
-566.4,-0.07,1830.173
-566.4,-0.07,1887.301
-566.4,-0.07,1944.717
-566.4,-0.07,2002.417
-566.4,-0.07,2060.395
-566.4,-0.07,2118.649
-566.4,-0.07,2177.174
-566.4,-0.07,2235.968
-566.4,-0.07,2295.032
PLAYER RUN ENDS
 
 
PLAYER RUN STARTS
X Coordinates, Z Coordinates, Time (Seconds)
-566.4,-0.07,0.6760455
-566.4,-0.07,1.823157
-566.4,-0.07,3.448149
-566.4,-0.07,5.530012
-566.4,-0.07,8.022966
-566.4,-0.07,10.91281
-566.4,-0.07,14.21329
-566.4,-0.07,17.91594
-566.4,-0.07,22.03115
-566.4,-0.07,26.5748
-566.4,-0.07,31.53587
-566.4,-0.07,36.92196
-566.4,-0.07,42.7226
-566.4,-0.07,48.96783
-566.4,-0.07,55.64627
-566.4,-0.07,62.74429
-566.4,-0.07,70.2779
-566.4,-0.07,78.17983
-566.4,-0.07,86.43525
-566.4,-0.07,95.07924
-566.4,-0.07,104.0957
-566.4,-0.07,113.4797
-566.4,-0.07,123.2402
-566.4,-0.07,133.344
-566.4,-0.07,143.7915
-566.4,-0.07,154.672
-566.4,-0.07,165.9673
-566.4,-0.07,177.6381
-566.4,-0.07,189.6911
PLAYER RUN ENDS
 
 
PLAYER RUN STARTS
X Coordinates, Z Coordinates, Time (Seconds)
-566.4,-0.07,0.7625555
-566.4,-0.07,1.803263
-566.4,-0.07,3.129577
-566.4,-0.07,4.748875
-566.4,-0.07,6.657344
-566.4,-0.07,8.853797
-566.4,-0.07,11.33004
PLAYER RUN ENDS
 
 
PLAYER RUN STARTS
X Coordinates, Z Coordinates, Time (Seconds)
-566.4,-0.07,0.8118556
-566.4,-0.07,1.915501
-566.4,-0.07,3.312328
-566.4,-0.07,5.017001
-566.4,-0.07,7.030109
-566.4,-0.07,9.380492
-566.4,-0.07,12.03544
-566.4,-0.07,14.98788
-566.4,-0.07,18.23346
-566.4,-0.07,21.80181
-566.4,-0.07,25.65386
-566.4,-0.07,29.79735
-566.4,-0.07,34.29627
-566.4,-0.07,39.23431
-566.4,-0.07,44.61853
-566.4,-0.07,50.5019
-566.4,-0.07,56.82475
-566.4,-0.07,63.55032
-566.4,-0.07,70.67133
-566.4,-0.07,78.22143
-566.4,-0.07,86.18389
-566.4,-0.07,94.55517
-566.4,-0.07,103.3513
-566.4,-0.07,112.5217
-566.4,-0.07,122.0795
-566.4,-0.07,132.0605
-566.4,-0.07,142.4623
-566.4,-0.07,153.2599
-566.4,-0.07,164.54
-566.4,-0.07,176.2545
-566.4,-0.07,188.3677
-566.4,-0.07,200.8646
-566.4,-0.07,213.7605
-566.4,-0.07,227.0313
-566.4,-0.07,240.6993
-566.4,-0.07,254.774
-566.4,-0.07,269.3054
-566.4,-0.07,284.2586
-566.4,-0.07,299.6488
-566.4,-0.07,315.4527
-566.4,-0.07,331.6933
-566.4,-0.07,348.2957
-566.4,-0.07,365.2787
-566.4,-0.07,382.6657
-566.4,-0.07,400.4399
-566.4,-0.07,418.5897
-566.4,-0.07,437.1567
-566.4,-0.07,456.1665
-566.4,-0.07,475.6035
-566.4,-0.07,495.4413
-566.4,-0.07,515.6561
-566.4,-0.07,536.2271
-566.4,-0.07,557.1589
-566.4,-0.07,578.5273
-566.4,-0.07,600.3757
-566.4,-0.07,622.6761
-566.4,-0.07,645.4286
-566.4,-0.07,668.6671
-566.4,-0.07,692.3541
-566.4,-0.07,716.4883
-566.4,-0.07,741.0774
-566.4,-0.07,766.1726
-566.4,-0.07,791.7141
-566.4,-0.07,817.6581
-566.4,-0.07,844.005
-566.4,-0.07,870.7801
-566.4,-0.07,897.9581
-566.4,-0.07,925.5255
-566.4,-0.07,953.5096
-566.4,-0.07,981.9675
-566.4,-0.07,1010.888
-566.4,-0.07,1040.283
-566.4,-0.07,1070.18
-566.4,-0.07,1100.523
-566.4,-0.07,1131.303
-566.4,-0.07,1162.532
-566.4,-0.07,1194.233
-566.4,-0.07,1226.418
-566.4,-0.07,1259.025
-566.4,-0.07,1291.977
-566.4,-0.07,1325.307
-566.4,-0.07,1359.041
-566.4,-0.07,1393.208
-566.4,-0.07,1427.76
-566.4,-0.07,1462.746
-566.4,-0.07,1498.132
-566.4,-0.07,1533.964
-566.4,-0.07,1570.215
-566.4,-0.07,1606.888
-566.4,-0.07,1643.97
-566.4,-0.07,1681.468
-566.4,-0.07,1719.403
-566.4,-0.07,1757.763
-566.4,-0.07,1796.569
-566.4,-0.07,1835.755
-566.4,-0.07,1875.319
-566.4,-0.07,1915.304
-566.4,-0.07,1955.685
-566.4,-0.07,1996.423
-566.4,-0.07,2037.547
-566.4,-0.07,2079.088
-566.4,-0.07,2121.042
-566.4,-0.07,2163.388
-566.4,-0.07,2206.086
-566.4,-0.07,2249.131
-566.4,-0.07,2292.61
-566.4,-0.07,2336.49
-566.4,-0.07,2380.791
-566.4,-0.07,2425.555
-566.4,-0.07,2470.762
-566.4,-0.07,2516.419
-566.4,-0.07,2562.515
-566.4,-0.07,2609
-566.4,-0.07,2655.909
-566.4,-0.07,2703.251
-566.4,-0.07,2751.002
-566.4,-0.07,2799.183
-566.4,-0.07,2847.793
-566.4,-0.07,2896.81
-566.4,-0.07,2946.247
-566.4,-0.07,2996.067
-566.4,-0.07,3046.253
-566.4,-0.07,3096.848
-566.4,-0.07,3147.87
-566.4,-0.07,3199.274
-566.4,-0.07,3251.056
-566.4,-0.07,3303.214
-566.4,-0.07,3355.751
-566.4,-0.07,3408.718
-566.4,-0.07,3462.119
-566.4,-0.07,3515.903
-566.4,-0.07,3570.049
-566.4,-0.07,3624.566
-566.4,-0.07,3679.461
-566.4,-0.07,3734.711
-566.4,-0.07,3790.33
-566.4,-0.07,3846.318
-566.4,-0.07,3902.667
-566.4,-0.07,3959.386
-566.4,-0.07,4016.473
-566.4,-0.07,4073.923
-566.4,-0.07,4131.75
-566.4,-0.07,4189.932
-566.4,-0.07,4248.49
-566.4,-0.07,4307.409
-566.4,-0.07,4366.694
-566.4,-0.07,4426.343
-566.4,-0.07,4486.364
-566.4,-0.07,4546.746
-566.4,-0.07,4607.502
-566.4,-0.07,4668.623
-566.4,-0.07,4730.113
-566.4,-0.07,4791.963
-566.4,-0.07,4854.182
-566.4,-0.07,4916.774
-566.4,-0.07,4979.73
-566.4,-0.07,5043.053
-566.4,-0.07,5106.758
-566.4,-0.07,5170.819
-566.4,-0.07,5235.254
-566.4,-0.07,5300.049
-566.4,-0.07,5365.216
-566.4,-0.07,5430.754
-566.4,-0.07,5496.654
-566.4,-0.07,5562.92
-566.4,-0.07,5629.573
-566.4,-0.07,5696.579
-566.4,-0.07,5763.954
-566.4,-0.07,5831.705
-566.4,-0.07,5899.823
-566.4,-0.07,5968.316
-566.4,-0.07,6037.175
-566.4,-0.07,6106.411
-566.4,-0.07,6176.01
-566.4,-0.07,6246.011
-566.4,-0.07,6316.382
-566.4,-0.07,6387.119
-566.4,-0.07,6458.236
-566.4,-0.07,6529.71
-566.4,-0.07,6601.561
-566.4,-0.07,6673.782
-566.4,-0.07,6746.366
-566.4,-0.07,6819.329
-566.4,-0.07,6892.658
-566.4,-0.07,6966.359
-566.4,-0.07,7040.421
-566.4,-0.07,7114.85
-566.4,-0.07,7189.651
-566.4,-0.07,7264.817
-566.4,-0.07,7340.344
-566.4,-0.07,7416.255
-566.4,-0.07,7492.52
-566.4,-0.07,7569.156
-566.4,-0.07,7646.163
-566.4,-0.07,7723.533
-566.4,-0.07,7801.275
-566.4,-0.07,7879.384
-566.4,-0.07,7957.868
-566.4,-0.07,8036.711
-566.4,-0.07,8115.917
-566.4,-0.07,8195.504
-566.4,-0.07,8275.453
-566.4,-0.07,8355.767
-566.4,-0.07,8436.449
-566.4,-0.07,8517.501
-566.4,-0.07,8598.925
-566.4,-0.07,8680.719
-566.4,-0.07,8762.879
-566.4,-0.07,8845.405
-566.4,-0.07,8928.292
-566.4,-0.07,9011.545
-566.4,-0.07,9095.173
-566.4,-0.07,9179.166
-566.4,-0.07,9263.524
-566.4,-0.07,9348.249
-566.4,-0.07,9433.342
-566.4,-0.07,9518.806
-566.4,-0.07,9604.637
-566.4,-0.07,9690.847
-566.4,-0.07,9777.421
-566.4,-0.07,9864.364
-566.4,-0.07,9951.687
-566.4,-0.07,10039.38
-566.4,-0.07,10127.45
-566.4,-0.07,10215.89
-566.4,-0.07,10304.69
-566.4,-0.07,10393.86
-566.4,-0.07,10483.42
-566.4,-0.07,10573.37
-566.4,-0.07,10663.71
-566.4,-0.07,10754.43
-566.4,-0.07,10845.53
-566.4,-0.07,10937.03
-566.4,-0.07,11028.9
-566.4,-0.07,11121.15
-566.4,-0.07,11213.79
-566.4,-0.07,11306.83
-566.4,-0.07,11400.25
-566.4,-0.07,11494.06
-566.4,-0.07,11588.25
-566.4,-0.07,11682.85
-566.4,-0.07,11777.81
-566.4,-0.07,11873.15
-566.4,-0.07,11968.86
-566.4,-0.07,12064.95
-566.4,-0.07,12161.39
-566.4,-0.07,12258.2
-566.4,-0.07,12355.39
-566.4,-0.07,12452.94
-566.4,-0.07,12550.86
-566.4,-0.07,12649.16
-566.4,-0.07,12747.81
-566.4,-0.07,12846.84
-566.4,-0.07,12946.23
-566.4,-0.07,13045.99
-566.4,-0.07,13146.13
-566.4,-0.07,13246.62
-566.4,-0.07,13347.49
-566.4,-0.07,13448.73
-566.4,-0.07,13550.33
-566.4,-0.07,13652.3
-566.4,-0.07,13754.65
-566.4,-0.07,13857.37
-566.4,-0.07,13960.45
-566.4,-0.07,14063.9
-566.4,-0.07,14167.72
-566.4,-0.07,14271.91
-566.4,-0.07,14376.46
-566.4,-0.07,14481.39
-566.4,-0.07,14586.69
-566.4,-0.07,14692.35
-566.4,-0.07,14798.38
-566.4,-0.07,14904.78
-566.4,-0.07,15011.54
-566.4,-0.07,15118.68
-566.4,-0.07,15226.18
-566.4,-0.07,15334.06
-566.4,-0.07,15442.3
-566.4,-0.07,15550.91
-566.4,-0.07,15659.9
-566.4,-0.07,15769.25
-566.4,-0.07,15878.97
-566.4,-0.07,15989.07
-566.4,-0.07,16099.53
-566.4,-0.07,16210.35
-566.4,-0.07,16321.55
-566.4,-0.07,16433.13
-566.4,-0.07,16545.06
-566.4,-0.07,16657.35
-566.4,-0.07,16770.02
-566.4,-0.07,16883.07
-566.4,-0.07,16996.46
-566.4,-0.07,17110.22
-566.4,-0.07,17224.38
-566.4,-0.07,17338.89
-566.4,-0.07,17453.77
-566.4,-0.07,17569.02
-566.4,-0.07,17684.64
-566.4,-0.07,17800.63
-566.4,-0.07,17916.99
-566.4,-0.07,18033.72
-566.4,-0.07,18150.83
-566.4,-0.07,18268.31
-566.4,-0.07,18386.15
-566.4,-0.07,18504.38
-566.4,-0.07,18622.96
-566.4,-0.07,18741.91
-566.4,-0.07,18861.25
-566.4,-0.07,18980.95
-566.4,-0.07,19101.01
-566.4,-0.07,19221.46
-566.4,-0.07,19342.26
-566.4,-0.07,19463.43
-566.4,-0.07,19584.97
-566.4,-0.07,19706.89
-566.4,-0.07,19829.17
-566.4,-0.07,19951.82
-566.4,-0.07,20074.84
-566.4,-0.07,20198.23
-566.4,-0.07,20321.98
-566.4,-0.07,20446.12
-566.4,-0.07,20570.61
-566.4,-0.07,20695.48
-566.4,-0.07,20820.72
-566.4,-0.07,20946.31
-566.4,-0.07,21072.3
-566.4,-0.07,21198.65
-566.4,-0.07,21325.36
-566.4,-0.07,21452.45
-566.4,-0.07,21579.9
-566.4,-0.07,21707.74
-566.4,-0.07,21835.94
-566.4,-0.07,21964.51
-566.4,-0.07,22093.46
-566.4,-0.07,22222.77
-566.4,-0.07,22352.46
-566.4,-0.07,22482.53
-566.4,-0.07,22612.99
-566.4,-0.07,22743.81
-566.4,-0.07,22874.99
-566.4,-0.07,23006.56
-566.4,-0.07,23138.49
-566.4,-0.07,23270.8
-566.4,-0.07,23403.48
-566.4,-0.07,23536.52
-566.4,-0.07,23669.94
-566.4,-0.07,23803.72
-566.4,-0.07,23937.88
-566.4,-0.07,24072.4
-566.4,-0.07,24207.29
-566.4,-0.07,24342.57
-566.4,-0.07,24478.21
-566.4,-0.07,24614.21
-566.4,-0.07,24750.58
-566.4,-0.07,24887.32
-566.4,-0.07,25024.43
-566.4,-0.07,25161.9
-566.4,-0.07,25299.74
-566.4,-0.07,25437.95
-566.4,-0.07,25576.53
-566.4,-0.07,25715.49
-566.4,-0.07,25854.81
-566.4,-0.07,25994.49
-566.4,-0.07,26134.55
-566.4,-0.07,26274.96
-566.4,-0.07,26415.75
-566.4,-0.07,26556.95
-566.4,-0.07,26698.5
-566.4,-0.07,26840.42
-566.4,-0.07,26982.7
-566.4,-0.07,27125.35
-566.4,-0.07,27268.37
-566.4,-0.07,27411.76
-566.4,-0.07,27555.52
-566.4,-0.07,27699.63
-566.4,-0.07,27844.12
-566.4,-0.07,27988.98
-566.4,-0.07,28134.2
-566.4,-0.07,28279.8
-566.4,-0.07,28425.77
-566.4,-0.07,28572.1
-566.4,-0.07,28718.8
-566.4,-0.07,28865.88
-566.4,-0.07,29013.31
-566.4,-0.07,29161.12
-566.4,-0.07,29309.3
-566.4,-0.07,29457.85
-566.4,-0.07,29606.78
-566.4,-0.07,29756.06
-566.4,-0.07,29905.72
-566.4,-0.07,30055.74
-566.4,-0.07,30206.14
-566.4,-0.07,30356.9
-566.4,-0.07,30508.04
-566.4,-0.07,30659.54
-566.4,-0.07,30811.4
-566.4,-0.07,30963.63
-566.4,-0.07,31116.23
-566.4,-0.07,31269.21
-566.4,-0.07,31422.55
-566.4,-0.07,31576.26
-566.4,-0.07,31730.33
-566.4,-0.07,31884.77
-566.4,-0.07,32039.57
-566.4,-0.07,32194.75
-566.4,-0.07,32350.31
-566.4,-0.07,32506.21
-566.4,-0.07,32662.5
-566.4,-0.07,32819.21
-566.4,-0.07,32976.29
-566.4,-0.07,33133.73
-566.4,-0.07,33291.55
-566.4,-0.07,33449.74
-566.4,-0.07,33608.3
-566.4,-0.07,33767.23
-566.4,-0.07,33926.53
-566.4,-0.07,34086.2
-566.4,-0.07,34246.23
-566.4,-0.07,34406.65
-566.4,-0.07,34567.43
-566.4,-0.07,34728.57
-566.4,-0.07,34890.08
-566.4,-0.07,35051.96
-566.4,-0.07,35214.21
-566.4,-0.07,35376.83
-566.4,-0.07,35539.82
-566.4,-0.07,35703.18
-566.4,-0.07,35866.9
-566.4,-0.07,36030.99
-566.4,-0.07,36195.46
-566.4,-0.07,36360.29
-566.4,-0.07,36525.49
-566.4,-0.07,36691.05
-566.4,-0.07,36856.98
-566.4,-0.07,37023.28
-566.4,-0.07,37189.95
-566.4,-0.07,37356.99
-566.4,-0.07,37524.4
-566.4,-0.07,37692.18
-566.4,-0.07,37860.32
-566.4,-0.07,38028.84
-566.4,-0.07,38197.72
-566.4,-0.07,38366.97
-566.4,-0.07,38536.59
-566.4,-0.07,38706.58
-566.4,-0.07,38876.94
-566.4,-0.07,39047.67
-566.4,-0.07,39218.77
-566.4,-0.07,39390.23
-566.4,-0.07,39562.07
-566.4,-0.07,39734.27
-566.4,-0.07,39906.84
-566.4,-0.07,40079.78
-566.4,-0.07,40253.09
-566.4,-0.07,40426.76
-566.4,-0.07,40600.8
-566.4,-0.07,40775.21
-566.4,-0.07,40950
-566.4,-0.07,41125.15
-566.4,-0.07,41300.67
-566.4,-0.07,41476.56
-566.4,-0.07,41652.81
-566.4,-0.07,41829.44
-566.4,-0.07,42006.43
-566.4,-0.07,42183.78
-566.4,-0.07,42361.5
-566.4,-0.07,42539.59
-566.4,-0.07,42718.07
-566.4,-0.07,42896.92
-566.4,-0.07,43076.14
-566.4,-0.07,43255.73
-566.4,-0.07,43435.7
-566.4,-0.07,43616.03
-566.4,-0.07,43796.73
-566.4,-0.07,43977.79
-566.4,-0.07,44159.22
-566.4,-0.07,44341.02
-566.4,-0.07,44523.2
-566.4,-0.07,44705.73
-566.4,-0.07,44888.64
-566.4,-0.07,45071.92
-566.4,-0.07,45255.57
-566.4,-0.07,45439.58
-566.4,-0.07,45623.97
-566.4,-0.07,45808.73
-566.4,-0.07,45993.85
-566.4,-0.07,46179.34
-566.4,-0.07,46365.2
-566.4,-0.07,46551.43
-566.4,-0.07,46738.03
-566.4,-0.07,46925
-566.4,-0.07,47112.35
-566.4,-0.07,47300.05
-566.4,-0.07,47488.12
-566.4,-0.07,47676.57
-566.4,-0.07,47865.38
-566.4,-0.07,48054.58
-566.4,-0.07,48244.14
-566.4,-0.07,48434.07
-566.4,-0.07,48624.37
-566.4,-0.07,48815.05
-566.4,-0.07,49006.11
-566.4,-0.07,49197.53
-566.4,-0.07,49389.32
-566.4,-0.07,49581.48
-566.4,-0.07,49774.01
-566.4,-0.07,49966.91
-566.4,-0.07,50160.18
-566.4,-0.07,50353.82
-566.4,-0.07,50547.83
-566.4,-0.07,50742.2
-566.4,-0.07,50936.94
-566.4,-0.07,51132.05
-566.4,-0.07,51327.53
-566.4,-0.07,51523.38
-566.4,-0.07,51719.61
-566.4,-0.07,51916.2
-566.4,-0.07,52113.17
-566.4,-0.07,52310.51
-566.4,-0.07,52508.22
-566.4,-0.07,52706.29
-566.4,-0.07,52904.73
-566.4,-0.07,53103.55
-566.4,-0.07,53302.73
-566.4,-0.07,53502.29
-566.4,-0.07,53702.21
-566.4,-0.07,53902.5
-566.4,-0.07,54103.16
-566.4,-0.07,54304.18
-566.4,-0.07,54505.57
-566.4,-0.07,54707.34
-566.4,-0.07,54909.48
-566.4,-0.07,55111.99
-566.4,-0.07,55314.86
-566.4,-0.07,55518.11
-566.4,-0.07,55721.71
-566.4,-0.07,55925.69
-566.4,-0.07,56130.04
-566.4,-0.07,56334.75
-566.4,-0.07,56539.83
-566.4,-0.07,56745.29
-566.4,-0.07,56951.11
-566.4,-0.07,57157.29
-566.4,-0.07,57363.84
-566.4,-0.07,57570.76
-566.4,-0.07,57778.06
-566.4,-0.07,57985.71
-566.4,-0.07,58193.75
-566.4,-0.07,58402.15
-566.4,-0.07,58610.91
-566.4,-0.07,58820.04
-566.4,-0.07,59029.54
-566.4,-0.07,59239.41
-566.4,-0.07,59449.65
-566.4,-0.07,59660.25
-566.4,-0.07,59871.23
-566.4,-0.07,60082.57
-566.4,-0.07,60294.28
-566.4,-0.07,60506.36
-566.4,-0.07,60718.82
-566.4,-0.07,60931.64
-566.4,-0.07,61144.82
-566.4,-0.07,61358.38
-566.4,-0.07,61572.3
-566.4,-0.07,61786.59
-566.4,-0.07,62001.25
-566.4,-0.07,62216.29
-566.4,-0.07,62431.69
-566.4,-0.07,62647.45
-566.4,-0.07,62863.59
-566.4,-0.07,63080.09
-566.4,-0.07,63296.96
-566.4,-0.07,63514.2
-566.4,-0.07,63731.8
-566.4,-0.07,63949.78
-566.4,-0.07,64168.12
-566.4,-0.07,64386.83
-566.4,-0.07,64605.91
-566.4,-0.07,64825.36
-566.4,-0.07,65045.17
-566.4,-0.07,65265.36
-566.4,-0.07,65485.91
-566.4,-0.07,65706.84
-566.4,-0.07,65928.14
-566.4,-0.07,66149.81
-566.4,-0.07,66371.85
-566.4,-0.07,66594.25
-566.4,-0.07,66817.03
-566.4,-0.07,67040.17
-566.4,-0.07,67263.7
-566.4,-0.07,67487.58
-566.4,-0.07,67711.83
-566.4,-0.07,67936.45
-566.4,-0.07,68161.45
-566.4,-0.07,68386.81
-566.4,-0.07,68612.55
-566.4,-0.07,68838.65
-566.4,-0.07,69065.12
-566.4,-0.07,69291.95
-566.4,-0.07,69519.16
-566.4,-0.07,69746.74
-566.4,-0.07,69974.68
-566.4,-0.07,70203.01
-566.4,-0.07,70431.69
-566.4,-0.07,70660.73
-566.4,-0.07,70890.16
-566.4,-0.07,71119.95
-566.4,-0.07,71350.1
-566.4,-0.07,71580.63
-566.4,-0.07,71811.52
-566.4,-0.07,72042.78
-566.4,-0.07,72274.41
-566.4,-0.07,72506.41
-566.4,-0.07,72738.77
-566.4,-0.07,72971.5
-566.4,-0.07,73204.6
-566.4,-0.07,73438.06
-566.4,-0.07,73671.9
-566.4,-0.07,73906.1
-566.4,-0.07,74140.67
-566.4,-0.07,74375.62
-566.4,-0.07,74610.93
-566.4,-0.07,74846.6
-566.4,-0.07,75082.65
-566.4,-0.07,75319.06
-566.4,-0.07,75555.84
-566.4,-0.07,75793
-566.4,-0.07,76030.52
-566.4,-0.07,76268.41
-566.4,-0.07,76506.67
-566.4,-0.07,76745.3
-566.4,-0.07,76984.3
-566.4,-0.07,77223.66
-566.4,-0.07,77463.38
-566.4,-0.07,77703.48
-566.4,-0.07,77943.95
-566.4,-0.07,78184.77
-566.4,-0.07,78425.98
-566.4,-0.07,78667.55
-566.4,-0.07,78909.5
-566.4,-0.07,79151.8
-566.4,-0.07,79394.48
-566.4,-0.07,79637.53
-566.4,-0.07,79880.95
-566.4,-0.07,80124.72
-566.4,-0.07,80368.87
-566.4,-0.07,80613.38
-566.4,-0.07,80858.27
-566.4,-0.07,81103.52
-566.4,-0.07,81349.13
-566.4,-0.07,81595.13
-566.4,-0.07,81841.48
-566.4,-0.07,82088.22
-566.4,-0.07,82335.32
-566.4,-0.07,82582.78
-566.4,-0.07,82830.62
-566.4,-0.07,83078.83
-566.4,-0.07,83327.4
-566.4,-0.07,83576.34
-566.4,-0.07,83825.66
-566.4,-0.07,84075.34
-566.4,-0.07,84325.39
-566.4,-0.07,84575.8
-566.4,-0.07,84826.61
-566.4,-0.07,85077.78
-566.4,-0.07,85329.38
-566.4,-0.07,85581.39
-566.4,-0.07,85833.84
-566.4,-0.07,86086.8
-566.4,-0.07,86340.24
-566.4,-0.07,86594.2
-566.4,-0.07,86848.68
-566.4,-0.07,87103.66
-566.4,-0.07,87359.11
-566.4,-0.07,87615.01
-566.4,-0.07,87871.66
-566.4,-0.07,88128.71
-566.4,-0.07,88386.21
-566.4,-0.07,88644.16
PLAYER RUN ENDS
 
